11
2 2044 174 2044 2 2194 174 2194 209
722 2118 838 2118 722 2216 838 2216 183
990 2286 1062 2286 990 2358 1062 2358 209
1040 2072 1122 2072 1040 2198 1122 2198 0
1392 2076 1486 2076 1392 2174 1486 2174 22
2696 2390 2792 2390 2696 2534 2792 2534 0
2720 2452 2886 2452 2720 2618 2886 2618 96
3062 2372 3200 2372 3062 2494 3200 2494 7
3304 2420 3502 2420 3304 2592 3502 2592 78
3878 2510 4142 2510 3878 2730 4142 2730 380
3660 2364 3708 2364 3660 2504 3708 2504 0
