5
11132 8364 11624 8364 11132 8952 11624 8952 60
12856 8828 13016 8828 12856 9208 13016 9208 0
13256 8504 13528 8504 13256 8848 13528 8848 277
13608 8800 13976 8800 13608 9112 13976 9112 111
14596 8784 14772 8784 14596 9124 14772 9124 0
